4.000000000000000000e+00 0.000000000000000000e+00
6.000000000000000000e+00 1.400000000000000000e+01
1.600000000000000000e+01 0.000000000000000000e+00
1.800000000000000000e+01 7.800000000000000000e+01
2.000000000000000000e+01 0.000000000000000000e+00
2.700000000000000000e+01 0.000000000000000000e+00
2.800000000000000000e+01 0.000000000000000000e+00
3.700000000000000000e+01 4.100000000000000000e+01
4.000000000000000000e+01 0.000000000000000000e+00
4.400000000000000000e+01 0.000000000000000000e+00
4.800000000000000000e+01 0.000000000000000000e+00
4.900000000000000000e+01 0.000000000000000000e+00
5.100000000000000000e+01 0.000000000000000000e+00
5.200000000000000000e+01 0.000000000000000000e+00
5.300000000000000000e+01 0.000000000000000000e+00
5.400000000000000000e+01 0.000000000000000000e+00
5.600000000000000000e+01 0.000000000000000000e+00
5.800000000000000000e+01 0.000000000000000000e+00
5.900000000000000000e+01 6.300000000000000000e+01
6.000000000000000000e+01 6.400000000000000000e+01
7.000000000000000000e+01 0.000000000000000000e+00
7.100000000000000000e+01 0.000000000000000000e+00
7.200000000000000000e+01 0.000000000000000000e+00
7.300000000000000000e+01 0.000000000000000000e+00
7.600000000000000000e+01 6.200000000000000000e+01
7.700000000000000000e+01 0.000000000000000000e+00
8.600000000000000000e+01 0.000000000000000000e+00
8.800000000000000000e+01 0.000000000000000000e+00
8.900000000000000000e+01 0.000000000000000000e+00
9.100000000000000000e+01 0.000000000000000000e+00
9.200000000000000000e+01 0.000000000000000000e+00
9.400000000000000000e+01 8.000000000000000000e+01
9.800000000000000000e+01 8.200000000000000000e+01
1.040000000000000000e+02 0.000000000000000000e+00
1.050000000000000000e+02 0.000000000000000000e+00
1.060000000000000000e+02 0.000000000000000000e+00
1.080000000000000000e+02 0.000000000000000000e+00
1.110000000000000000e+02 0.000000000000000000e+00
1.160000000000000000e+02 1.380000000000000000e+02
1.180000000000000000e+02 0.000000000000000000e+00
1.200000000000000000e+02 0.000000000000000000e+00
1.230000000000000000e+02 0.000000000000000000e+00
1.240000000000000000e+02 0.000000000000000000e+00
1.260000000000000000e+02 0.000000000000000000e+00
1.270000000000000000e+02 0.000000000000000000e+00
1.280000000000000000e+02 0.000000000000000000e+00
1.290000000000000000e+02 0.000000000000000000e+00
1.320000000000000000e+02 1.140000000000000000e+02
1.400000000000000000e+02 0.000000000000000000e+00
1.410000000000000000e+02 0.000000000000000000e+00
1.420000000000000000e+02 0.000000000000000000e+00
1.440000000000000000e+02 0.000000000000000000e+00
1.450000000000000000e+02 0.000000000000000000e+00
1.460000000000000000e+02 0.000000000000000000e+00
1.500000000000000000e+02 1.340000000000000000e+02
1.620000000000000000e+02 0.000000000000000000e+00
1.630000000000000000e+02 0.000000000000000000e+00
1.640000000000000000e+02 0.000000000000000000e+00
1.650000000000000000e+02 0.000000000000000000e+00
1.660000000000000000e+02 0.000000000000000000e+00
1.670000000000000000e+02 0.000000000000000000e+00
1.680000000000000000e+02 0.000000000000000000e+00
1.690000000000000000e+02 1.530000000000000000e+02
1.700000000000000000e+02 1.540000000000000000e+02
1.720000000000000000e+02 1.560000000000000000e+02
1.730000000000000000e+02 1.570000000000000000e+02
1.820000000000000000e+02 0.000000000000000000e+00
1.840000000000000000e+02 0.000000000000000000e+00
1.850000000000000000e+02 1.750000000000000000e+02
1.860000000000000000e+02 1.760000000000000000e+02
1.870000000000000000e+02 1.770000000000000000e+02
1.880000000000000000e+02 1.780000000000000000e+02
1.910000000000000000e+02 0.000000000000000000e+00
1.930000000000000000e+02 0.000000000000000000e+00
1.940000000000000000e+02 0.000000000000000000e+00
1.960000000000000000e+02 0.000000000000000000e+00
2.000000000000000000e+02 0.000000000000000000e+00
2.010000000000000000e+02 0.000000000000000000e+00
2.020000000000000000e+02 0.000000000000000000e+00
2.030000000000000000e+02 0.000000000000000000e+00
2.040000000000000000e+02 0.000000000000000000e+00
2.060000000000000000e+02 1.980000000000000000e+02
2.070000000000000000e+02 0.000000000000000000e+00
2.080000000000000000e+02 0.000000000000000000e+00
2.180000000000000000e+02 0.000000000000000000e+00
2.230000000000000000e+02 2.310000000000000000e+02
2.240000000000000000e+02 0.000000000000000000e+00
2.250000000000000000e+02 2.300000000000000000e+02
2.320000000000000000e+02 0.000000000000000000e+00
2.330000000000000000e+02 2.270000000000000000e+02
2.390000000000000000e+02 0.000000000000000000e+00
2.410000000000000000e+02 2.350000000000000000e+02
2.510000000000000000e+02 0.000000000000000000e+00
2.530000000000000000e+02 2.450000000000000000e+02
2.550000000000000000e+02 2.610000000000000000e+02
2.570000000000000000e+02 2.490000000000000000e+02
2.640000000000000000e+02 0.000000000000000000e+00
2.650000000000000000e+02 0.000000000000000000e+00
2.670000000000000000e+02 2.590000000000000000e+02
2.690000000000000000e+02 2.470000000000000000e+02
2.710000000000000000e+02 2.630000000000000000e+02
2.790000000000000000e+02 2.730000000000000000e+02
2.830000000000000000e+02 2.770000000000000000e+02
2.940000000000000000e+02 2.860000000000000000e+02
2.950000000000000000e+02 2.870000000000000000e+02
2.960000000000000000e+02 2.880000000000000000e+02
2.970000000000000000e+02 2.890000000000000000e+02
2.980000000000000000e+02 2.900000000000000000e+02
2.990000000000000000e+02 2.910000000000000000e+02
3.040000000000000000e+02 3.000000000000000000e+02
3.060000000000000000e+02 3.020000000000000000e+02
3.120000000000000000e+02 3.080000000000000000e+02
3.130000000000000000e+02 3.090000000000000000e+02
3.200000000000000000e+02 3.160000000000000000e+02
3.210000000000000000e+02 3.170000000000000000e+02
3.300000000000000000e+02 3.260000000000000000e+02
3.310000000000000000e+02 3.270000000000000000e+02
3.360000000000000000e+02 3.320000000000000000e+02
3.370000000000000000e+02 3.330000000000000000e+02
3.380000000000000000e+02 3.340000000000000000e+02
3.390000000000000000e+02 3.350000000000000000e+02
