1.870000000000000000e+02 1.928000000000000000e+03 5.000000000000000000e-01
2.550000000000000000e+02 2.113000000000000000e+03 2.500000000000000000e-01
2.570000000000000000e+02 2.450000000000000000e+03 5.000000000000000000e-01
2.580000000000000000e+02 2.379000000000000000e+03 -1.000000000000000000e+00
2.270000000000000000e+02 2.437000000000000000e+03 2.500000000000000000e-01
8.000000000000000000e+00 2.512000000000000000e+03 5.000000000000000000e-01
2.200000000000000000e+01 8.520000000000000000e+02 0.000000000000000000e+00
6.000000000000000000e+00 2.492000000000000000e+03 5.000000000000000000e-01
6.000000000000000000e+00 2.497000000000000000e+03 7.500000000000000000e-01
6.000000000000000000e+00 2.503000000000000000e+03 -1.000000000000000000e+00
3.400000000000000000e+01 2.467000000000000000e+03 -1.000000000000000000e+00
1.820000000000000000e+02 1.031000000000000000e+03 -1.000000000000000000e+00
